0 0 0 0 0 0 0 0 0.02932099 0
0 0 0 0 0 0 0 0 0.1157407 0
0 0 0 0 0.04468413 0 0 0 0 0
0 0 0 0 0 0 0 0 0.0816641 0
0 0 0 0 0.06228374 0 0 0 0 0
0 0 0 0 0 0 0.4925094 0 0 0
0.4681583 0.6314879 0.6608997 0.7145329 0.06228374 0.2659758 0.4925094 0.3765112 0.1517241 0.05181347
0 0 0 0 0 0 0 0 0 0 0.7757774
0 0 0 0 0 0.2279793 0 0 0 0 0
0 0 0 0.733564 0 0 0 0 0 0 0
0 0 0 0 0 0 0 0.7422145 0 0 0
0 0 0 0 0 0.115917 0 0 0 0 0
0 0 0 0 0 0.0899654 0 0 0 0 0
0 0 0 0 0 0.115917 0 0 0 0 0
0 0 0 0 0 0 0 0.7352941 0 0 0
0 0 0 0 0.0656304 0 0 0 0 0 0
0 0 0 0 0 0 0 0 0.09137931 0 0
0 0 0 0 0.05699482 0 0 0 0 0 0
0.4681583 0.6314879 0.6608997 0.733564 0.05699482 0.0899654 0.4925094 0.7352941 0.09137931 0.05181347
