4487.17 37.33 4527.1
NA NA
402.25 4.68 407.02
NA NA
413.48 4.64 418.62
NA NA
94.31 0.87 95.26
NA NA
94.9 1 96.07
NA NA
135.75 1.11 140.48
NA NA
404.2 4.82 409.99
NA NA
409.61 5.31 415.32
NA NA
338.18 2.33 353.48
NA NA
354.54 4.34 366.51
NA NA
3658.84 45.37 3835.77
NA NA
377.33 4.79 384.6
NA NA
373.43 4.92 382.39
NA NA
372.71 5.1 380.83
NA NA
368.27 4.49 373.67
NA NA
320.24 2.32 323.47
NA NA
326.62 2.25 330.66
NA NA
320.16 2.21 324.51
NA NA
371.82 4.21 383.52
NA NA
380.74 4.6 385.82
NA NA
364.29 4.42 382.37
NA NA
375 5.13 405.7
NA NA
3670.28 43.72 4037.16
NA NA
