37.04 0.57 38.93
NA NA
35.93 0.53 36.46
NA NA
101.9 0.95 104.21
NA NA
135.69 1.12 138.98
NA NA
36.1 0.89 36.98
NA NA
37.2 0.77 38.05
NA NA
120.25 1.28 123.35
NA NA
102.51 0.87 103.41
NA NA
137.18 0.94 138.2
NA NA
175.05 1.7 182.2
NA NA
36.44 0.71 37.22
NA NA
119.65 1.03 120.78
NA NA
103.34 0.8 104.3
NA NA
135.06 1.15 136.25
NA NA
172.96 2.16 175.14
NA NA
53.95 0.99 57.44
NA NA
100.97 0.88 103.35
NA NA
36.29 0.68 38.19
NA NA
126.77 0.89 130.04
NA NA
151.49 1.22 155.36
NA NA
87.31 1 94.66
NA NA
187.66 2.15 194.58
NA NA
35.49 0.6 36.1
NA NA
35.1 0.43 35.68
NA NA
81.28 1.21 82.54
NA NA
81.85 0.94 82.77
NA NA
126.36 1.07 129.67
NA NA
107.77 0.91 110.56
NA NA
142.27 1.06 145.49
NA NA
185.98 2.03 189.13
NA NA
110.13 1.65 111.82
NA NA
87.22 0.84 88.16
NA NA
131.47 0.77 132.88
NA NA
160.9 0.98 161.98
NA NA
